222547     235
253763     251
237899     243
245767     247
230159     239
253763     251
259844     254
257809     253
228244     238
247754     248
222547     235
257809     253
182969     213
245767     247
257809     253
196913     221
259844     254
261887     255
181262     212
247754     248
241817     245
261887     255
243788     246
232082     240
234013     241
253763     251
235952     242
259844     254
230159     239
261887     255
215063     231
249749     249
200479     223
257809     253
249749     249
261887     255
237899     243
189877     217
261887     255
259844     254
